676 546
773 504
12 294
11 295
132 304
262 211
450 189
678 213
310 259
687 211
260 207
133 304
449 194
132 302
112 164
774 242
691 521
111 164
776 244
112 166
150 292
151 289
449 196
152 286
15 289
16 289
161 261
456 295
492 297
151 286
449 191
112 166
451 189
160 264
769 449
153 284
15 290
715 538
14 290
15 288
167 253
450 188
449 187
170 251
15 289
449 188
170 244
17 440
450 187
33 440
81 435
15 290
198 443
111 534
197 446
111 533
15 291
451 187
247 454
118 524
450 188
122 439
14 289
178 437
112 499
127 425
205 451
533 280
255 471
253 474
254 210
480 249
448 195
254 208
770 328
210 483
205 454
436 234
15 290
485 232
398 235
214 481
202 451
400 195
215 480
212 482
164 433
15 291
442 190
351 194
210 483
209 481
14 290
178 482
133 386
153 400
479 236
155 498
15 290
169 432
407 194
256 210
169 434
441 190
256 209
151 380
159 494
441 196
154 522
14 289
256 210
104 533
14 290
131 379
255 209
255 209
14 291
74 539
147 333
14 291
133 355
450 189
136 353
255 210
255 210
451 187
255 210
452 187
14 291
452 187
174 442
626 280
19 289
479 239
16 290
438 197
456 232
17 291
18 290
15 290
451 187
452 187
16 289
18 289
451 187
451 187
153 286
450 187
158 288
21 290
627 327
452 188
773 332
528 236
448 204
448 189
255 212
448 234
487 231
21 493
154 261
402 235
450 202
441 191
112 164
252 211
20 500
33 528
258 208
763 362
60 297
114 161
58 302
33 529
58 300
112 164
128 432
21 305
113 160
112 162
20 304
16 302
114 160
301 201
161 247
14 293
788 361
111 162
452 188
450 189
767 327
166 243
13 292
9 343
449 190
14 292
347 211
256 210
165 243
166 244
362 241
264 208
111 161
111 160
448 189
111 161
14 287
449 189
449 188
15 286
130 395
448 189
791 360
110 161
111 165
765 491
620 491
682 535
112 162
449 189
623 539
263 208
525 488
15 288
111 161
264 206
576 535
111 160
436 485
527 536
481 544
476 490
110 159
449 190
264 210
439 536
341 493
111 159
384 488
450 190
262 210
450 190
247 489
110 160
303 240
268 489
16 287
452 191
110 161
290 486
179 481
261 491
16 287
214 486
305 238
17 288
165 484
306 238
265 201
162 478
128 473
306 240
305 206
108 456
18 288
486 338
111 161
81 487
16 288
55 449
14 289
70 477
111 161
451 195
61 476
16 289
55 358
450 193
109 164
57 447
111 161
14 288
56 358
112 163
307 241
9 349
385 252
263 208
348 392
113 162
262 210
309 238
262 210
9 348
452 191
261 208
113 161
452 190
112 162
481 301
308 238
307 239
112 163
306 238
113 165
307 244
712 293
113 164
616 298
261 210
215 216
36 399
113 166
451 191
260 211
82 399
388 300
130 400
261 211
447 329
15 289
163 396
306 330
305 307
261 213
791 362
261 210
199 330
16 288
451 191
787 500
148 332
17 290
10 337
451 190
109 163
12 297
109 164
452 191
14 287
261 210
453 191
14 287
262 211
111 164
111 162
714 292
525 301
452 192
480 301
450 191
342 302
295 305
292 327
242 328
249 312
451 192
199 331
147 332
101 334
13 299
451 192
9 336
113 160
453 190
112 162
79 348
111 160
123 345
248 353
215 215
262 208
645 339
208 241
584 352
212 241
730 342
389 262
452 191
763 332
451 190
451 191
355 296
407 281
309 243
536 280
401 354
302 254
390 261
628 534
633 339
409 284
112 160
761 519
357 309
36 429
479 249
266 209
672 539
264 206
449 237
303 246
303 253
405 356
295 236
672 539
445 191
260 208
630 533
264 207
446 191
448 195
264 208
405 260
674 546
778 491
249 252
446 191
298 211
265 209
258 212
247 281
19 291
151 310
784 497
19 291
787 500
216 213
60 343
23 351
305 249
451 189
210 236
208 235
448 189
211 238
440 198
533 245
352 258
401 164
402 302
435 343
454 300
304 261
405 301
497 241
582 391
19 291
20 290
257 207
586 399
688 487
405 357
19 291
733 489
19 290
444 191
632 536
254 208
19 290
19 290
220 216
254 208
253 208
452 187
254 208
216 216
454 188
176 484
254 208
252 208
454 188
253 207
76 522
455 188
480 233
17 292
112 162
217 216
78 482
16 291
455 189
114 161
106 493
16 292
778 244
450 190
17 291
104 487
253 208
773 248
451 194
253 208
123 398
764 426
441 193
479 251
17 291
770 244
17 291
773 246
670 282
773 244
218 217
253 206
163 438
201 440
253 207
165 437
438 236
572 247
766 312
217 216
645 280
446 194
444 191
255 207
153 403
124 393
254 205
153 400
631 259
622 260
492 231
451 191
156 381
449 193
157 331
453 194
254 208
538 205
490 210
444 192
669 215
409 192
218 217
408 191
254 210
637 213
771 330
529 244
253 209
627 210
157 307
450 194
254 207
626 281
17 291
254 208
528 241
584 206
488 233
254 208
488 214
110 161
490 207
450 196
491 206
161 263
453 192
624 283
166 251
16 292
449 199
113 163
530 239
18 291
455 232
492 202
178 484
18 291
255 206
218 214
578 256
452 194
178 485
400 169
177 485
527 242
18 291
488 235
449 195
451 234
177 485
27 403
177 486
626 543
29 401
255 208
450 195
56 396
202 439
452 194
454 193
453 188
115 356
760 256
489 209
766 253
624 250
82 395
582 244
219 399
109 164
8 350
31 355
161 441
545 239
15 296
527 356
111 160
445 168
128 400
392 342
110 163
445 167
446 167
55 341
452 338
17 291
496 200
337 341
252 344
18 291
156 400
790 376
449 195
54 357
110 161
19 290
157 544
157 535
105 445
19 355
405 191
111 196
112 163
11 340
114 163
78 448
196 443
112 164
196 443
77 446
16 289
446 168
446 168
16 289
446 167
445 167
767 313
203 348
16 290
446 167
15 289
446 166
444 168
159 348
55 354
79 444
112 163
15 352
112 162
444 169
774 312
55 351
112 161
257 208
261 204
110 165
444 169
304 199
215 214
262 212
111 162
11 341
445 169
17 300
391 340
110 162
263 217
15 289
443 168
110 162
16 289
77 445
***
341 285
537 349
13 294
11 295
130 311
263 211
449 190
673 210
296 235
687 211
262 209
133 305
449 189
132 303
112 162
772 242
345 280
111 164
774 243
111 165
150 292
17 288
449 193
152 287
15 289
15 290
160 261
445 289
450 190
151 287
450 189
112 164
451 189
113 166
630 385
154 284
16 290
713 533
14 290
13 290
160 265
451 188
451 188
167 254
15 288
449 187
170 252
16 445
450 188
19 439
52 432
15 291
198 443
78 532
197 444
110 533
16 290
450 188
81 530
110 533
450 188
107 439
15 290
167 439
113 501
111 497
195 437
788 392
212 480
244 452
254 211
506 264
448 194
254 208
788 341
211 480
213 450
462 237
17 290
746 315
404 236
217 479
205 453
401 195
214 481
214 481
161 442
15 291
442 194
352 194
210 483
201 450
14 290
178 482
130 407
152 406
786 335
207 482
15 290
167 431
407 194
254 209
171 433
441 190
255 208
152 395
167 486
447 193
164 522
14 289
256 210
131 522
14 290
130 389
254 209
256 210
14 291
83 533
147 365
16 291
134 356
449 190
134 355
255 210
255 209
452 188
255 210
452 187
14 291
452 187
175 441
788 349
151 312
597 270
13 290
447 190
461 233
17 290
17 291
16 290
451 188
451 187
16 289
17 289
451 187
451 187
153 286
450 187
158 288
18 289
789 400
451 187
778 344
740 309
592 311
451 189
255 210
462 240
501 235
21 487
155 263
406 241
448 200
450 204
113 164
253 210
20 499
22 500
256 210
10 402
59 297
114 161
60 297
32 528
58 302
116 160
125 432
25 302
112 161
113 162
20 304
20 301
112 162
299 199
161 248
17 296
764 362
112 160
452 188
451 188
788 329
166 244
14 294
744 325
450 188
15 290
347 211
255 210
164 245
165 243
354 242
388 243
111 162
111 161
448 189
111 161
14 287
449 189
449 188
14 287
13 400
449 189
157 442
110 162
110 161
790 489
745 495
696 536
111 163
450 189
635 537
262 209
602 495
15 287
111 161
263 205
577 542
111 161
504 495
529 539
502 539
479 488
111 160
449 189
263 208
441 535
413 491
110 160
384 488
449 190
263 210
449 190
318 484
111 159
305 239
267 489
15 288
450 190
111 162
204 485
206 486
267 494
16 287
220 486
305 238
15 287
176 481
306 238
262 203
163 478
132 457
307 238
304 206
123 457
18 287
786 330
111 160
81 486
16 288
74 451
15 288
76 476
111 161
452 195
65 477
16 289
459 337
451 194
109 163
57 453
109 163
34 450
784 330
112 162
307 240
29 353
388 253
262 208
384 250
263 208
262 210
309 238
262 210
30 353
452 191
262 208
114 160
452 190
112 162
452 190
308 238
307 238
111 162
306 239
112 164
306 238
783 294
112 164
700 295
261 210
261 210
12 402
113 163
604 295
261 210
61 401
463 302
110 401
261 211
455 329
15 289
160 444
412 329
363 301
261 213
212 395
262 213
264 318
14 289
451 190
308 242
174 331
16 289
127 333
451 190
110 163
20 297
109 164
452 190
13 288
262 210
453 191
15 287
262 210
111 165
111 163
783 291
698 293
452 191
511 294
449 193
463 300
317 302
316 327
266 315
251 313
451 191
220 328
172 328
129 331
79 336
451 192
30 340
113 160
452 191
113 161
11 388
112 163
116 383
244 355
208 242
264 206
294 344
207 241
531 351
211 242
676 349
386 251
452 190
732 334
451 190
452 191
356 281
402 280
310 245
792 396
359 326
305 243
389 256
405 377
633 342
404 280
112 160
437 289
349 290
12 402
497 257
265 209
388 333
266 209
458 238
302 245
302 248
316 283
295 237
297 238
446 192
262 209
410 376
261 206
445 191
448 189
264 207
384 247
667 539
444 280
255 241
447 195
311 199
265 210
266 209
252 282
19 290
223 285
782 496
18 290
215 214
216 213
119 331
26 350
302 235
449 191
210 236
210 235
449 188
210 238
448 188
789 343
307 247
402 165
398 334
434 341
450 383
297 238
405 302
503 247
445 343
19 291
20 290
257 208
584 398
628 437
319 278
19 290
721 486
20 292
444 191
406 379
253 208
19 289
20 290
219 216
254 208
254 208
449 188
254 208
220 216
453 187
176 484
254 207
252 208
454 188
253 209
56 535
454 188
786 344
17 291
112 159
217 216
67 506
17 291
456 188
112 161
106 496
16 292
778 243
454 190
17 292
105 490
253 208
775 244
450 193
253 208
108 457
787 430
456 204
773 404
17 291
772 246
17 291
775 243
789 339
774 246
218 217
254 208
161 439
200 439
253 206
201 440
462 241
652 261
790 335
217 215
767 310
446 199
405 238
254 206
154 404
124 396
254 206
152 400
638 261
633 266
559 237
449 192
156 400
450 192
150 363
448 193
254 206
538 209
493 215
456 202
670 215
411 191
218 215
408 192
254 208
640 210
786 343
743 316
253 211
627 209
158 310
457 203
253 209
789 353
18 291
254 208
592 258
584 207
508 235
255 208
489 213
254 208
486 214
455 204
489 206
163 264
451 194
789 347
162 260
17 291
453 192
113 162
595 267
18 290
507 237
490 205
177 484
163 250
111 161
217 213
786 344
449 194
178 484
399 168
178 485
554 247
18 291
508 234
451 191
456 235
176 485
26 406
177 486
53 431
28 401
255 209
450 196
23 402
201 439
453 194
452 194
454 192
787 327
778 260
743 257
766 254
725 258
56 401
597 241
113 385
110 162
84 351
110 352
160 440
549 239
17 296
786 327
111 161
446 169
10 390
250 397
112 160
445 168
442 166
529 384
455 339
17 291
503 217
394 337
318 337
16 290
156 446
205 390
485 203
212 347
110 162
18 290
160 543
157 540
132 535
32 355
408 196
112 197
110 164
27 350
113 163
79 452
195 444
112 162
197 443
78 445
15 290
445 168
446 168
16 289
446 168
446 167
781 315
768 310
16 290
445 167
15 289
446 167
445 168
172 348
129 344
79 444
112 163
28 354
111 163
444 168
786 315
769 309
112 161
257 209
257 206
111 163
445 169
214 241
215 213
263 205
215 214
27 348
444 169
18 302
786 329
110 162
263 214
15 289
443 169
110 162
16 289
77 445
***
141 297
517 266
***
145 298
529 261
